% # columns="iteration, evaluation, sigma, axis ratio, bestever, best, median, worst objective function value, interquartile range, further/more values", seed=413086, Thu Feb  5 15:58:53 2026, <python>{}</python>
1 7 0.021204918767079653 1.0000333338888951 -0.1220921648204682 -1.2209216482046820e-01 -0.12009891206861562 -0.11719163006289696 0.001721763057627529   
2 14 0.029379374632058187 1.5988793278353806 -0.12432753192762086 -1.2432753192762086e-01 -0.12166538553679482 -0.11546173871061789 0.00705562419529239   
3 21 0.030972351011737162 1.8351057107955553 -0.1243502161898387 -1.2435021618983870e-01 -0.1202745411353944 -0.11261810684838197 0.0033444723307463203   
4 28 0.03282600056198352 1.6234661603503437 -0.1243502161898387 -1.2326942105784104e-01 -0.12156837332554597 -0.1201617371042425 0.002386812914076983   
5 35 0.03244806317268378 1.697408217915783 -0.1249261238957472 -1.2492612389574720e-01 -0.12104243013958609 -0.11086058162071961 0.004016612893208982   
6 42 0.03653790666516832 1.905119829474944 -0.1305167217888345 -1.3051672178883450e-01 -0.1254416467346251 -0.11751404767837975 0.008210307322194868   
7 49 0.0372526189683033 1.4875701472156198 -0.1305167217888345 -1.2867975563175610e-01 -0.12415604080775834 -0.11997932416197207 0.005825382178378358   
8 56 0.04201604299647058 1.5234846060427052 -0.13209809476102752 -1.3209809476102752e-01 -0.1263650509921618 -0.11778833503624014 0.004564142007025956   
9 63 0.05340098415015362 1.6927489060959415 -0.13209809476102752 -1.3080536271468376e-01 -0.12558590309142562 -0.10383723356646953 0.009590769116408993   
10 70 0.05320380489453521 2.3749978480063643 -0.13278098835033733 -1.3278098835033733e-01 -0.12511568570482898 -0.1168622176420947 0.008673087364421544   
11 77 0.056717442970630944 2.6770166695924305 -0.1346112647231708 -1.3461126472317081e-01 -0.12662193974113667 -0.11373311603921495 0.010180939400968897   
12 84 0.08460418543521532 2.8078467468515824 -0.1404995611170665 -1.4049956111706649e-01 -0.13341986481366716 -0.12479517162764522 0.00797655959157234   
13 91 0.10559330347620766 3.245443700382804 -0.1404995611170665 -1.3913384528235920e-01 -0.1278831936125882 762767.4894356399 0.019227894198359394   
14 98 0.09825186641264995 2.6506188192109676 -0.1404995611170665 -1.3401321662312993e-01 -0.12460668101121844 81547.52029094819 0.01171341258355739   
15 105 0.09155997981864221 2.9534189657481527 -0.1404995611170665 -1.4001612856316933e-01 -0.13307287077133464 -0.12036361245900785 0.005373339911945163   
16 112 0.07375471141426039 2.708954316591344 -0.1404995611170665 -1.3585342841123535e-01 -0.12490480757550093 -0.12027510981875371 0.009483938586961754   
17 119 0.06292988804856152 2.953863948846557 -0.1404995611170665 -1.4005416727608844e-01 -0.13790843810796904 -0.10968177442873048 0.021827122237789112   
18 126 0.05392071446448957 2.7163929910711566 -0.14131326738856284 -1.4131326738856284e-01 -0.1369762161564539 -0.13237889716224605 0.005175175991576575   
19 133 0.0419192052122541 2.6581956715199286 -0.14185937195056472 -1.4185937195056472e-01 -0.13984716653330112 -0.13271425594304717 0.0063581521495742754   
20 140 0.04487811069093135 2.5289614925460957 -0.14185937195056472 -1.4165305879765730e-01 -0.13784794984396403 -0.13082246871013167 0.005600853321995086   
21 147 0.03308040552091887 2.8105123100428564 -0.1423572831827898 -1.4235728318278981e-01 -0.1410900219471245 -0.12981884184205233 0.002800788808900445   
22 154 0.030050605554125896 3.3773822558414297 -0.1423572831827898 -1.4198548524026389e-01 -0.1414025754912477 -0.13975028770414927 0.0013407408125211961   
23 161 0.025101697490309997 3.156850725149081 -0.1423572831827898 -1.4170553793202378e-01 -0.14020775107395128 -0.1393071148301817 0.001992099875587794   
24 168 0.021607644724393093 2.89425082349666 -0.1423572831827898 -1.4200876506905438e-01 -0.14123624905025742 -0.14088030186390996 0.000866683779279509   
25 175 0.020442147323528684 2.7609895236704998 -0.14236119365636235 -1.4236119365636235e-01 -0.14202670961396482 -0.13738987953392218 0.001636740242547452   
26 182 0.01789558082655341 2.4267421312251654 -0.1423689722107479 -1.4236897221074790e-01 -0.14106223918009805 -0.1402313845203943 0.0015868778271110884   
27 189 0.014967154242333252 2.101489078781926 -0.1423689722107479 -1.4229399286077807e-01 -0.14206070136930515 -0.14051920240632718 0.0008825810640964993   
28 196 0.014487851870935414 2.021776729457609 -0.14273562925570574 -1.4273562925570574e-01 -0.14224260559846144 -0.14182383441045684 0.00023570684479534698   
29 203 0.011407677452752157 2.015698944198823 -0.14273562925570574 -1.4245720912077781e-01 -0.1421523979420991 -0.14178982094175188 0.0003046746946724632   
30 210 0.011024208773533677 2.29026452657074 -0.14273562925570574 -1.4236653617803061e-01 -0.14223469469594863 -0.14211051182776188 0.00017781410334069547   
31 217 0.01011954989175547 2.4911362486832433 -0.14273562925570574 -1.4263048487241881e-01 -0.14237063380012682 -0.14212096526187568 0.00028496490491622395   
32 224 0.010463396447574146 2.8327870010838145 -0.14273562925570574 -1.4246812784127649e-01 -0.1423479474699695 -0.14182369585851112 0.00023293709834310006   
33 231 0.0090291210994603 3.193443943565912 -0.14273562925570574 -1.4248543856273374e-01 -0.14245667455842007 -0.1421651209398014 0.0001418521186527799   
34 238 0.008722853075962411 3.332537022428326 -0.14273562925570574 -1.4258064236090001e-01 -0.14230361601718725 -0.14216206866111655 0.0002259647818655397   
35 245 0.008954816627424316 2.49137682759697 -0.14273562925570574 -1.4248689335816384e-01 -0.14237366333147733 -0.14212083394771816 0.00019028067654644487   
36 252 0.008519209305237826 3.0281210149788764 -0.14273562925570574 -1.4248306353423135e-01 -0.14236967634414371 -0.14216775859661884 0.00011961582382663538   
37 259 0.008394499080091572 3.987751069103559 -0.14273562925570574 -1.4242169432800428e-01 -0.14232534695930094 -0.14206151923937282 0.00011047915018208565   
38 266 0.008083389793991116 3.0297310131375386 -0.14273562925570574 -1.4245179422122747e-01 -0.14238826195029558 -0.1422595833816611 0.00012952978422636763   
39 273 0.007981447678148273 2.9180412487454506 -0.14273562925570574 -1.4246617880830867e-01 -0.14235954654255986 -0.14198828316239168 0.00021915221371349158   
40 280 0.006507040308895009 2.901377964792593 -0.14273562925570574 -1.4249250264402608e-01 -0.14226572929782055 -0.14218098720552605 0.00016579317109471914   
41 287 0.006561322788111005 3.1481316560675046 -0.14273562925570574 -1.4250285888498390e-01 -0.1424749975362569 -0.1423565128753304 7.825936049088433e-05   
42 294 0.006826569552335571 3.4949436126253848 -0.14273562925570574 -1.4246444380707793e-01 -0.14239369752924078 -0.14227860428907524 7.957508699035776e-05   
43 301 0.0067801346683888375 3.7996697672734436 -0.14273562925570574 -1.4257591711916906e-01 -0.14244270666114575 -0.14216801708905488 9.052017371749543e-05   
44 308 0.00544012866826186 4.74322907348129 -0.14273562925570574 -1.4262824115807390e-01 -0.14246644453853294 -0.14232319940414226 0.00019022613464242388   
45 315 0.0045496749665892835 4.678047056354221 -0.14273562925570574 -1.4264998864370351e-01 -0.1424388840750015 -0.14238320583824646 0.00011622698799004794   
